201112130728     4.71   -82.64    25.00
201112140048   -15.33  -174.68    16.00
201112141107   -56.41  -143.23    21.00
201112151512    31.73   141.89    12.00
201112161254   -46.01   -76.57    15.40
201112190123    -1.14   119.56    12.30
201112190532   -28.81  -176.48    14.00
201112211337   -33.19  -178.66    29.70
201112230058   -43.67   172.56    12.00
201112230218   -43.55   172.58    12.00
201112231912   -52.19    28.35    23.60
201112271522    51.78    95.91    19.50
201112310019   -56.78  -142.35    20.60
201201050113   -17.80  -172.66    17.60
201201050935    18.48   -70.34    29.60
201201061854    -6.24  -107.25    12.60
201201071838   -28.49  -176.59    28.30
201201090407   -10.56   165.04    41.70
201201101837     2.59    92.98    23.70
201201120320    37.06   141.25    16.50
201201121411   -52.07    28.20    22.10
201201131602   -60.91   -26.81    12.00
201201141636    19.35   120.87    34.70
201201151340   -60.62   -56.47    13.60
201201151421   -60.73   -56.22    17.70
201201160359   -60.68   -56.27    12.00
201201171255    11.18   126.00    31.40
201201172321   -31.76   -71.95    33.90
201201172323   -31.86   -71.96    39.10
201201181250    -0.86   126.81    15.00
201201190558   -11.02   165.37    19.20
201201190648   -46.62   165.38    18.90
201201220553   -56.80   -24.52    12.00
201201220600   -56.83   -24.35    14.20
201201231604   -36.50   -73.42    22.20
201201241631   -56.42   -27.41    12.00
201201280017    13.55   124.73    25.00
201201280022    40.23   142.51    43.90
201201280443   -36.74  -110.73    16.90
201201281742   -29.23  -176.95    33.10
201201281905   -29.22  -176.90    34.50
201201300511   -14.26   -76.05    45.70
201202020646    -6.72   149.83    25.00
201202020932    -6.72   149.82    21.10
201202021334   -17.69   167.11    20.50
201202030346   -17.40   167.13    12.00
201202030433   -17.40   167.11    12.00
201202040740   -20.77  -173.54    16.40
201202041309    12.05   125.91    17.70
201202042005    48.66  -128.17    12.00
201202042150    12.99    57.49    12.00
201202051640   -17.94   167.12    12.00
201202060349    10.03   123.26    12.00
201202060420     9.99   123.24    12.00
201202061010     9.90   123.13    12.00
201202061133     9.91   123.07    12.00
201202090849   -56.39   -25.58    17.60
201202091852   -58.28   157.97    20.60
201202100534    -0.33   132.61    19.80
201202110258   -37.54   -73.68    24.40
201202110706    -0.96   126.94    19.70
201202131055     9.01   -84.14    22.50
201202132107    41.16  -123.79    29.30
201202140327    36.19   141.68    26.60
201202140622    36.17   141.73    26.40
201202150331    43.40  -127.68    17.90
201202160220   -17.47    65.83    18.20
201202201909    14.35   -93.31    12.60
201202221045    -5.06   133.60    37.50
201202230508   -17.72   -13.20    12.30
201202260235    22.69   120.70    25.00
201202260246   -24.93  -177.04    15.50
201202260521   -24.81  -177.10    15.60
201202260617    51.69    96.00    20.50
201202291432    35.47   141.12    22.70
201203031220   -22.33   170.22    24.10
201203040944     2.68   -84.47    12.00
201203041249   -21.77   169.64    28.30
201203052306    12.45   123.64    18.50
201203071200    -2.63   138.98    37.80
201203082250    39.49    81.47    44.40
201203090710   -19.06   169.60    12.00
201203101410    55.09  -157.41    12.00
201203120606    36.88    73.24    22.00
201203140908    40.88   144.93    13.00
201203141049    40.91   144.90    19.00
201203141205    35.83   140.89    22.70
201203142113    -5.98   151.00    47.80
201203160758     9.97   125.56    20.70
201203171700     3.73    63.40    12.00
201203171950   -35.09  -107.79    18.20
201203192346   -14.61  -175.42    19.40
201203201802    16.60   -98.39    15.40
201203242218   -54.65  -135.55    24.00
201203250105   -54.66  -135.68    15.00
201203252237   -35.31   -72.41    33.80
201203261658   -30.10    60.56    12.00
201203261748    10.31  -104.25    12.00
201203261812    10.29  -104.19    12.00
201203271100    39.76   142.22    13.80
