 201112130728     4.710000   -82.640000  25.0   NaN
 201112140048   -15.330000  -174.680000  16.0   NaN
 201112141107   -56.410000  -143.230000  21.0   NaN
 201112151512    31.730000   141.890000  12.0   NaN
 201112161254   -46.010000   -76.570000  15.4   NaN
 201112190123    -1.140000   119.560000  12.3   NaN
 201112190532   -28.810000  -176.480000  14.0   NaN
 201112211337   -33.190000  -178.660000  29.7   NaN
 201112230058   -43.670000   172.560000  12.0   NaN
 201112230218   -43.550000   172.580000  12.0   NaN
 201112231912   -52.190000    28.350000  23.6   NaN
 201112271522    51.780000    95.910000  19.5   NaN
 201112310019   -56.780000  -142.350000  20.6   NaN
 201201050113   -17.800000  -172.660000  17.6   NaN
 201201050935    18.480000   -70.340000  29.6   NaN
 201201061854    -6.240000  -107.250000  12.6   NaN
 201201071838   -28.490000  -176.590000  28.3   NaN
 201201090407   -10.560000   165.040000  41.7   NaN
 201201101837     2.590000    92.980000  23.7   NaN
 201201120320    37.060000   141.250000  16.5   NaN
 201201121411   -52.070000    28.200000  22.1   NaN
 201201131602   -60.910000   -26.810000  12.0   NaN
 201201141636    19.350000   120.870000  34.7   NaN
 201201151340   -60.620000   -56.470000  13.6   NaN
 201201151421   -60.730000   -56.220000  17.7   NaN
 201201160359   -60.680000   -56.270000  12.0   NaN
 201201171255    11.180000   126.000000  31.4   NaN
 201201172321   -31.760000   -71.950000  33.9   NaN
 201201172323   -31.860000   -71.960000  39.1   NaN
 201201181250    -0.860000   126.810000  15.0   NaN
 201201190558   -11.020000   165.370000  19.2   NaN
 201201190648   -46.620000   165.380000  18.9   NaN
 201201220553   -56.800000   -24.520000  12.0   NaN
 201201220600   -56.830000   -24.350000  14.2   NaN
 201201231604   -36.500000   -73.420000  22.2   NaN
 201201241631   -56.420000   -27.410000  12.0   NaN
 201201280017    13.550000   124.730000  25.0   NaN
 201201280022    40.230000   142.510000  43.9   NaN
 201201280443   -36.740000  -110.730000  16.9   NaN
 201201281742   -29.230000  -176.950000  33.1   NaN
 201201281905   -29.220000  -176.900000  34.5   NaN
 201201300511   -14.260000   -76.050000  45.7   NaN
 201202020646    -6.720000   149.830000  25.0   NaN
 201202020932    -6.720000   149.820000  21.1   NaN
 201202021334   -17.690000   167.110000  20.5   NaN
 201202030346   -17.400000   167.130000  12.0   NaN
 201202030433   -17.400000   167.110000  12.0   NaN
 201202040740   -20.770000  -173.540000  16.4   NaN
 201202041309    12.050000   125.910000  17.7   NaN
 201202042005    48.660000  -128.170000  12.0   NaN
 201202042150    12.990000    57.490000  12.0   NaN
 201202051640   -17.940000   167.120000  12.0   NaN
 201202060349    10.030000   123.260000  12.0   NaN
 201202060420     9.990000   123.240000  12.0   NaN
 201202061010     9.900000   123.130000  12.0   NaN
 201202061133     9.910000   123.070000  12.0   NaN
 201202090849   -56.390000   -25.580000  17.6   NaN
 201202091852   -58.280000   157.970000  20.6   NaN
 201202100534    -0.330000   132.610000  19.8   NaN
 201202110258   -37.540000   -73.680000  24.4   NaN
 201202110706    -0.960000   126.940000  19.7   NaN
 201202131055     9.010000   -84.140000  22.5   NaN
 201202132107    41.160000  -123.790000  29.3   NaN
 201202140327    36.190000   141.680000  26.6   NaN
 201202140622    36.170000   141.730000  26.4   NaN
 201202150331    43.400000  -127.680000  17.9   NaN
 201202160220   -17.470000    65.830000  18.2   NaN
 201202201909    14.350000   -93.310000  12.6   NaN
 201202221045    -5.060000   133.600000  37.5   NaN
 201202230508   -17.720000   -13.200000  12.3   NaN
 201202260235    22.690000   120.700000  25.0   NaN
 201202260246   -24.930000  -177.040000  15.5   NaN
 201202260521   -24.810000  -177.100000  15.6   NaN
 201202260617    51.690000    96.000000  20.5   NaN
 201202291432    35.470000   141.120000  22.7   NaN
 201203031220   -22.330000   170.220000  24.1   NaN
 201203040944     2.680000   -84.470000  12.0   NaN
 201203041249   -21.770000   169.640000  28.3   NaN
 201203052306    12.450000   123.640000  18.5   NaN
 201203071200    -2.630000   138.980000  37.8   NaN
 201203082250    39.490000    81.470000  44.4   NaN
 201203090710   -19.060000   169.600000  12.0   NaN
 201203101410    55.090000  -157.410000  12.0   NaN
 201203120606    36.880000    73.240000  22.0   NaN
 201203140908    40.880000   144.930000  13.0   NaN
 201203141049    40.910000   144.900000  19.0   NaN
 201203141205    35.830000   140.890000  22.7   NaN
 201203142113    -5.980000   151.000000  47.8   NaN
 201203160758     9.970000   125.560000  20.7   NaN
 201203171700     3.730000    63.400000  12.0   NaN
 201203171950   -35.090000  -107.790000  18.2   NaN
 201203192346   -14.610000  -175.420000  19.4   NaN
 201203201802    16.600000   -98.390000  15.4   NaN
 201203242218   -54.650000  -135.550000  24.0   NaN
 201203250105   -54.660000  -135.680000  15.0   NaN
 201203252237   -35.310000   -72.410000  33.8   NaN
 201203261658   -30.100000    60.560000  12.0   NaN
 201203261748    10.310000  -104.250000  12.0   NaN
 201203261812    10.290000  -104.190000  12.0   NaN
 201203271100    39.760000   142.220000  13.8   NaN
